2.266
2.396
2.272
2.242
2.290
2.240
2.243
2.224
2.218
2.378
2.831
1.258
2.467
2.420
2.633
2.254
2.159
2.247
2.186
2.593
2.324
2.348
2.207
2.201
2.195
2.391
2.237
2.184
2.171
2.317
2.228
2.191
2.264
2.579
2.161
2.222
2.470
2.522
2.269
2.170
2.299
2.429
2.271
2.212
2.176
2.432
2.318
2.178
2.166
2.211
2.289
2.236
2.227
2.252
2.383
2.154
2.177
2.338
2.892
2.504
2.216
2.198
2.878
2.226
2.216
2.387
2.474
2.486
2.116
2.306
2.369
2.208
2.106
2.166
2.216
2.368
2.151
2.277
2.268
2.155
2.137
2.263
2.210
2.351
2.904
2.549
2.323
2.257
2.208
2.426
2.421
2.208
2.195
2.316
2.280
2.186
2.193
