 2.148
 2.748
 2.706
 2.399
 2.200
 2.261
 2.609
 2.150
 2.305
 2.246
 9.539
 3.018
 2.444
 2.261
 2.371
 2.572
 2.741
 2.708
 2.311
 3.588
 2.273
 2.450
 2.434
 3.079
 2.839
 2.312
 2.221
 2.147
 2.480
 2.281
 2.200
 2.279
 2.291
 2.351
 2.157
 2.287
 2.362
 2.406
 2.145
 2.219
 2.362
 2.971
 2.127
 2.176
 2.676
 2.467
 2.117
 2.836
 2.325
 2.446
 2.313
 2.220
 2.343
 2.444
 2.146
 2.084
 2.296
 2.346
 2.145
 2.113
 2.278
 2.572
 2.115
 2.107
 2.190
 2.454
 2.540
 2.659
 2.168
 2.241
 3.163
 2.141
 2.508
 2.247
 2.674
 2.717
 2.321
 2.200
 2.209
 2.143
 2.363
 2.134
 2.250
 2.194
 2.319
 2.109
 2.279
 2.227
 2.338
 2.118
 2.158
 2.265
 2.364
 2.636
 2.130
 2.360
 2.825
