2.767
2.523
2.445
2.359
2.222
2.434
2.421
2.331
2.508
3.199
0.065
1.347
2.017
1.341
1.320
1.578
1.667
1.243
1.373
1.209
1.118
1.197
1.151
1.477
1.246
1.162
1.144
1.085
1.228
1.240
1.354
1.441
1.377
1.147
1.119
1.115
1.257
1.317
1.433
1.393
1.064
1.220
1.169
1.092
1.354
1.466
1.306
1.872
2.054
1.699
1.276
1.421
1.365
1.489
1.101
1.390
1.221
2.330
1.394
1.266
1.256
1.087
1.215
1.226
1.335
1.209
1.347
1.207
1.213
1.112
1.257
1.419
1.161
1.224
1.225
1.117
1.258
1.258
1.401
1.305
1.139
1.149
1.153
1.196
1.186
1.265
1.434
1.384
1.117
1.173
1.176
1.479
1.780
1.565
1.265
1.093
1.300
