 1.471
 1.122
 1.125
 1.133
 1.102
 1.029
 1.069
 1.425
 1.319
 1.202
 1.218
10.059
 1.273
 1.215
 6.954
 1.528
 3.143
 2.305
 2.931
 3.541
 1.194
 1.334
 2.077
 3.065
 1.371
 1.193
 1.226
 2.459
 1.481
 1.263
 1.293
 1.241
 3.620
 1.521
 1.366
 1.222
 1.816
 1.220
 1.498
 1.552
 1.321
 1.337
 1.353
 1.263
 1.286
 1.505
 1.496
 1.272
 1.305
 1.326
 5.233
 1.242
 1.254
 1.689
 2.374
 2.166
 1.240
 3.701
 2.963
 1.225
 1.194
 1.196
 1.296
 1.219
 1.581
 1.501
 1.182
 1.240
 1.254
 1.238
 1.237
 1.518
 3.610
 1.197
 1.246
 1.261
 1.419
 1.856
 3.957
 1.288
 1.182
 1.633
 1.518
 1.463
 1.507
 3.320
 1.267
 1.396
 4.599
 1.441
 1.231
 1.216
 1.214
 1.478
 3.350
 1.157
 1.244
