 1.558
 1.606
 1.379
 1.372
 1.577
 1.415
 1.442
 1.382
 1.457
 1.413
 1.377
 1.436
 1.392
 1.444
 1.438
 1.500
 7.953
 1.562
 1.544
10.057
 1.502
 1.563
 1.591
 1.708
 1.711
 2.316
 1.490
 1.541
 1.551
 1.550
 1.988
 1.563
 2.661
 1.520
 1.474
 1.694
 1.701
 1.553
 1.560
 1.455
 1.550
 1.497
 1.628
 1.530
 1.465
 1.574
 1.542
 1.479
 1.595
 1.546
 1.540
 1.499
 1.487
 1.541
 1.625
 1.593
 1.505
 1.438
 1.625
 1.540
 1.578
 1.548
 1.666
 1.767
 1.616
 1.581
 1.485
 1.602
 1.712
 1.568
 1.518
 1.542
 1.523
 1.483
 1.608
 1.521
 1.494
 1.633
 1.511
 1.484
 1.548
 1.616
 1.532
 1.641
 1.475
 1.525
 1.499
 1.658
 1.506
 1.589
 1.527
 1.537
 1.488
 1.587
 1.615
 1.567
 1.552
