7.024
7.047
6.983
6.987
6.957
7.230
6.923
7.142
7.012
7.000
6.983
7.017
6.974
7.029
6.963
7.078
7.220
7.189
6.993
7.204
7.039
6.994
7.103
7.008
7.244
6.982
7.093
7.040
7.000
7.007
6.993
6.999
7.044
7.240
7.032
7.011
7.199
7.065
6.987
7.036
6.981
7.515
6.973
7.002
6.975
7.013
7.002
6.990
7.014
7.029
7.015
7.193
7.110
6.978
7.040
6.966
7.031
6.974
7.193
7.024
7.050
7.014
7.013
7.034
7.040
7.074
7.059
6.998
7.544
7.125
7.068
7.045
6.995
6.978
6.957
7.427
6.955
7.116
7.002
6.992
7.014
7.083
7.058
7.023
6.952
7.208
7.024
6.980
7.017
6.997
7.036
7.027
7.371
7.043
6.984
6.949
7.030
