4.009
3.956
4.006
3.996
4.417
4.010
4.042
3.820
4.044
4.111
4.090
3.857
3.933
4.058
4.056
3.791
3.989
4.079
4.028
4.370
3.841
4.303
3.947
4.069
3.984
3.889
3.939
4.061
3.904
3.983
4.076
4.102
4.002
3.838
4.444
4.089
3.997
4.045
3.767
3.852
3.925
4.022
4.023
3.857
4.032
3.936
3.921
3.811
4.035
4.426
4.009
3.995
3.857
3.963
4.063
3.979
3.929
4.006
3.964
4.089
3.950
3.936
3.993
3.890
4.112
3.966
4.039
4.025
4.186
4.094
4.070
3.913
3.917
3.951
4.130
3.929
4.077
4.030
4.120
4.723
3.963
3.951
3.973
3.820
4.133
3.995
3.961
3.900
3.947
3.839
3.875
3.847
3.939
4.043
4.082
3.975
3.906
