0.155
0.150
0.151
0.150
0.155
0.148
0.154
0.164
0.167
0.152
0.154
0.153
0.152
0.154
0.176
0.190
0.150
0.152
0.145
0.152
0.152
0.149
0.147
0.148
0.151
0.158
0.149
0.148
0.157
0.149
0.148
0.149
0.146
0.147
0.154
0.148
0.147
0.147
0.148
0.156
0.660
0.252
0.262
0.177
0.189
0.148
0.147
0.147
0.151
0.233
0.185
0.156
0.154
0.147
0.153
0.151
0.145
0.146
0.149
0.146
0.158
0.231
0.147
0.147
0.148
0.146
0.156
0.148
0.147
0.146
0.148
0.149
0.147
0.148
0.250
0.349
0.277
0.154
0.155
0.152
0.151
0.149
0.160
0.151
0.151
1.290
0.181
0.149
0.151
0.150
0.272
0.149
0.147
0.149
0.149
0.148
0.147
