0.080
0.075
0.075
0.073
0.076
0.074
0.072
0.075
0.075
0.074
0.085
0.076
0.075
0.079
0.073
0.075
0.075
0.073
0.095
0.344
0.321
0.115
0.075
0.073
0.074
0.073
0.075
0.075
0.074
0.078
0.074
0.073
0.078
0.073
0.073
0.074
0.074
0.076
0.073
0.074
0.074
0.074
0.074
0.073
0.074
0.079
0.074
0.085
0.074
0.073
0.074
0.073
0.073
0.074
0.094
0.296
0.077
0.074
0.075
0.074
0.073
0.074
0.085
0.075
0.075
0.074
0.073
0.074
0.074
0.074
0.075
0.081
0.074
0.073
0.074
0.074
0.076
0.073
0.074
0.085
0.075
0.074
0.073
0.077
0.073
0.074
0.073
0.073
0.074
0.074
0.074
0.075
0.075
0.072
0.073
0.073
0.073
