0.324
0.323
0.322
0.329
0.322
0.323
0.322
0.324
0.321
0.322
0.324
0.327
0.322
0.322
0.323
0.339
0.322
0.325
0.324
0.321
0.322
0.323
0.325
0.323
0.323
0.323
0.322
0.323
0.322
0.323
0.320
0.334
0.324
0.323
0.323
0.324
0.327
0.323
0.321
0.323
0.322
0.322
0.325
0.321
0.323
0.324
0.323
0.324
0.324
0.324
0.324
0.323
0.324
0.324
0.325
0.325
0.325
0.321
0.323
0.323
0.323
0.323
0.323
0.323
0.325
0.323
0.324
0.324
0.321
0.324
0.322
0.323
0.324
0.323
0.323
0.322
0.324
0.324
0.322
0.323
0.324
0.323
0.323
0.323
0.323
0.323
0.325
0.334
0.323
0.324
0.320
0.323
0.325
0.324
0.324
0.323
0.323
