0.215
0.213
0.213
0.237
0.213
0.213
0.212
0.212
0.213
0.211
0.213
0.211
0.214
0.212
0.213
0.213
0.211
0.214
0.210
0.212
0.210
0.212
0.211
0.212
0.214
0.212
0.213
0.212
0.212
0.211
0.212
0.212
0.213
0.210
0.212
0.210
0.213
0.211
0.212
0.222
0.210
0.213
0.210
0.211
0.211
0.211
0.212
0.211
0.212
0.212
0.211
0.213
0.212
0.212
0.212
0.211
0.213
0.213
0.213
0.213
0.212
0.213
0.211
0.214
0.213
0.213
0.213
0.212
0.213
0.214
0.213
0.213
0.213
0.223
0.214
0.212
0.212
0.213
0.214
0.212
0.213
0.213
0.212
0.213
0.214
0.213
0.225
0.213
0.213
0.213
0.213
0.212
0.214
0.213
0.214
0.214
0.213
