0.225
0.214
0.210
0.215
0.215
0.284
0.210
0.213
0.231
0.223
0.303
6.936
0.334
0.230
0.226
0.222
0.263
0.222
0.284
0.221
0.223
0.223
0.224
0.225
0.287
0.303
0.222
0.728
0.284
0.223
0.331
0.382
0.239
0.259
0.226
0.287
0.221
0.221
0.228
0.225
0.223
0.223
0.221
0.225
0.315
0.222
0.221
0.220
0.303
0.228
0.334
0.227
0.220
0.221
0.223
0.221
0.220
0.287
0.221
0.330
0.221
0.221
0.295
0.296
0.336
0.226
0.367
0.383
0.221
0.265
0.339
0.233
0.225
0.224
0.280
0.219
0.222
0.230
0.226
0.295
0.221
0.222
0.231
0.290
0.224
0.221
0.223
0.311
0.276
0.280
0.228
0.220
0.222
0.222
0.309
0.292
0.221
