1.485
1.490
1.501
1.578
1.488
1.534
1.486
1.491
1.487
1.581
1.485
1.485
1.535
1.492
1.484
1.592
1.483
1.488
1.513
1.485
1.484
1.557
1.493
1.484
1.486
1.559
1.614
1.494
1.597
1.499
1.497
1.482
1.575
1.721
1.475
1.515
1.479
1.485
1.513
1.484
1.585
1.476
1.497
1.483
1.483
1.523
1.490
1.490
1.488
1.487
1.488
1.512
1.487
1.491
1.480
1.495
1.512
1.492
1.562
1.484
1.477
1.480
1.493
1.478
1.474
1.531
1.482
1.480
1.478
1.482
1.477
1.533
1.528
1.485
1.483
1.483
1.482
1.486
1.536
1.483
1.491
1.485
1.489
1.488
1.484
1.521
1.498
1.486
1.488
1.484
1.487
1.491
1.539
1.486
1.491
1.486
1.485
