0.768
0.769
0.897
0.771
0.771
0.769
0.766
0.773
0.766
0.818
0.766
0.772
1.104
0.819
0.835
0.878
0.888
0.772
0.783
0.773
0.770
0.823
0.804
0.773
1.416
0.774
0.825
0.805
0.772
0.772
0.769
0.773
1.190
0.771
0.973
0.773
0.919
1.008
0.839
0.767
0.771
0.774
0.768
0.773
0.813
0.769
0.776
0.767
0.770
0.776
0.828
0.770
0.768
0.774
0.785
0.767
0.773
0.818
0.785
0.775
0.773
0.770
0.771
0.838
0.770
0.771
0.774
0.789
0.790
0.771
0.861
0.773
0.769
0.774
0.765
0.776
0.825
0.769
0.770
0.770
0.771
0.768
0.768
0.834
0.769
0.774
0.769
0.770
0.776
0.828
0.772
0.771
0.772
0.793
0.772
0.813
0.773
