0.769
0.768
0.833
0.972
0.899
0.768
0.797
0.782
0.767
0.772
0.866
0.775
0.776
0.766
0.844
1.355
0.777
0.771
0.772
0.775
0.780
0.775
0.952
0.852
0.857
0.851
0.921
0.774
0.778
0.775
0.769
0.771
0.780
0.771
0.827
0.774
0.838
0.877
0.822
0.770
0.774
0.775
0.769
0.786
0.784
0.771
0.776
0.837
0.868
0.879
0.773
0.817
0.773
0.774
0.775
0.776
0.780
0.777
0.776
0.892
0.894
0.768
0.774
0.830
0.772
0.778
0.770
0.772
0.774
0.785
0.771
0.843
0.939
0.776
0.771
0.775
0.834
0.768
0.774
0.774
0.770
0.792
0.838
0.773
1.119
0.766
0.879
0.875
1.336
0.772
0.770
0.774
0.768
0.904
1.165
0.860
0.772
