0.442
0.435
0.432
0.735
0.501
0.426
0.444
0.442
0.420
0.425
0.428
0.427
0.731
0.505
0.572
0.532
0.429
0.451
0.487
0.478
0.442
0.430
0.433
0.432
0.436
0.503
0.437
0.431
0.439
0.432
0.450
0.437
0.432
0.431
0.488
0.541
0.440
0.430
0.431
0.444
0.431
0.474
0.434
0.444
0.508
0.431
0.433
0.501
0.429
0.431
0.504
0.436
0.431
0.445
0.555
0.590
0.499
0.440
0.442
0.436
0.437
0.434
0.488
0.497
0.504
0.440
0.434
0.433
0.436
0.516
0.502
0.435
0.434
0.572
0.517
0.433
0.480
0.427
0.505
0.475
0.481
0.436
0.442
0.525
0.487
0.433
0.444
0.446
0.441
0.514
0.503
0.431
0.540
0.530
0.429
0.435
0.435
