1.944
1.944
1.956
1.940
1.940
1.932
1.948
2.126
1.944
1.939
1.935
1.945
1.949
1.940
1.941
1.943
1.942
1.942
1.946
1.942
1.941
1.943
1.944
1.938
1.942
1.937
1.939
1.941
1.940
1.940
1.935
1.988
1.939
1.942
1.937
1.951
1.935
1.949
1.941
1.940
1.946
1.941
1.946
1.945
1.938
1.957
1.946
1.947
1.948
1.947
1.980
1.945
1.948
1.938
1.952
1.945
1.946
1.950
1.944
1.953
1.942
1.955
1.949
1.947
1.950
1.950
1.943
1.951
1.947
1.945
1.946
1.947
1.946
1.948
1.950
1.949
1.947
1.952
1.946
1.951
1.940
1.958
1.936
1.945
1.944
1.937
1.938
1.934
1.970
1.939
1.941
1.949
1.942
1.934
1.938
1.948
1.933
